
   *** Bell Statistics Summary
       ------------------------------------------------------------------------------------------------------------
         Bell Number:       1      2      3      4      5      6      7      8      9      0      E      T    
       ------------------------------------------------------------------------------------------------------------
         Mean Error: All    -0.6   -1.9   -3.2      8   -5.3    5.2    2.1    5.2   -6.1   -9.2   -3.1    7.3 
                      Hs    -0.4    2.5   -2.5    5.6  -12.5    1.5   -2.7    3.4   -5.3  -13.5   -7.9    8.4 
                      Bs    -0.8   -6.2     -4   10.4      2    8.9    6.9    6.9   -6.9   -4.8    1.7    6.2 
        
         Std  Error: All    22.1   27.4   24.7   27.4   25.3     29   29.1   23.7   28.6   26.6   30.4   27.7 
                      Hs    23.4   30.7   24.7   25.1   24.5   29.2   28.7     24   27.1   27.8   29.2     25 
                      Bs    20.9   22.9   24.8   29.4   24.1   28.3   28.8   23.3   30.2   24.6   30.8   30.3 
        
         Rms  Error: All    22.1   27.4   24.9   28.5   25.8   29.4   29.1   24.2   29.2   28.1   30.5   28.6 
                      Hs    23.3   30.7   24.8   25.6   27.5   29.2   28.8   24.1   27.5   30.8   30.2   26.3 
                      Bs    20.8   23.7   25.1   31.1   24.1   29.6   29.5   24.2   30.8     25   30.8   30.8 
       ------------------------------------------------------------------------------------------------------------
