
   *** Bell Statistics Summary
       ------------------------------------------------------------------------------------------------------------
         Bell Number:       1      2      3      4      5      6      7      8      9      0      E      T    
       ------------------------------------------------------------------------------------------------------------
         Mean Error: All    12.1   -1.5      0   -0.3   -3.2   -4.3   15.1    2.6  -15.6   -8.6   -3.8    0.8 
                      Hs     5.2      2   -1.9   -5.6  -14.1      6    3.5   -4.5  -15.9   -9.1   -3.8      0 
                      Bs    18.9   -5.1    1.9    4.9    7.7  -14.6   26.7    9.7  -15.2   -8.1   -3.8    1.7 
        
         Std  Error: All    22.8     26   26.5   25.3   28.2   27.4   28.8     25   27.2   25.7   28.2   23.9 
                      Hs      22   28.5   28.8   25.3   27.1     25   28.1   24.5   28.6   25.6   30.6   23.4 
                      Bs    21.5   22.7     24   24.2     25   25.8   24.7   23.5   25.8   25.9   25.8   24.6 
        
         Rms  Error: All    25.8     26   26.5   25.2   28.3   27.7   32.5   25.1   31.3   27.1   28.4   23.9 
                      Hs    22.6   28.5   28.8   25.9   30.4   25.6   28.2   24.8   32.6   27.1   30.7   23.3 
                      Bs    28.6   23.2     24   24.6   26.1   29.6   36.3   25.4   29.9     27   25.9   24.5 
       ------------------------------------------------------------------------------------------------------------
