
   *** Bell Statistics Summary
       ------------------------------------------------------------------------------------------------------------
         Bell Number:       1      2      3      4      5      6      7      8      9      0      E      T    
       ------------------------------------------------------------------------------------------------------------
         Mean Error: All     7.3     -1   -1.6    6.2   -5.2    6.2      5   -0.2   -9.5     -7   -7.1    2.6 
                      Hs     0.1    2.6   -2.7    2.8   -9.5    7.4   -0.4   -0.9  -12.3   -9.8   -9.2      5 
                      Bs    14.5   -4.7   -0.5    9.7   -0.9    5.1   10.4    0.5   -6.6   -4.2   -4.9    0.2 
        
         Std  Error: All    21.3   26.1   27.1   23.8   24.9     26   28.1   23.3   24.8   25.4   27.4   23.5 
                      Hs    20.5   28.6   29.5   21.9   25.9   28.2     29   21.5   25.6   26.3   27.3   21.7 
                      Bs    19.7   22.8   24.6   25.2   23.2   23.6   26.3     25   23.6   24.1   27.3   24.9 
        
         Rms  Error: All    22.5     26   27.1   24.6   25.4   26.7   28.5   23.3   26.5   26.3   28.2   23.6 
                      Hs    20.5   28.6   29.5     22   27.5   29.1   28.9   21.5   28.4     28   28.8   22.2 
                      Bs    24.4   23.2   24.5   26.9   23.2   24.1   28.2     25   24.4   24.4   27.6   24.9 
       ------------------------------------------------------------------------------------------------------------
